300016
300040
300065
300102
300158
300316
300407
300558
300620
300750
300759
300760
300775
301004
301015
301087
301137
301226
600305
600318
600721
600864
600886
600918
600958
601010
601059
601066
601077
601089
601099
601127
601136
601162
601186
601211
601226
601229
601236
601319
601377
601500
601528
601566
601598
601601
601607
601611
601628
601633
601636
601766
601800
601878
601882
601985
601995
603117
603126
603172
603327
603332
603381
603518
603579
603590
603612
603628
603739
603758
603806
603897
603922
605162
688166
688195
688297
688575
