📋指标共振--3均线缠绕--所有股票代码清单

300033
300288
300378
300406
300519
300578
300611
300685
300784
301010
301060
301276
301277
301279
301280
301287
301295
301298
301309
301310
301332
301345
301361
301370
301371
301372
301373
301388
301392
301398
301459
301498
301499
301501
301502
301503
301507
301508
301520
301533
301535
301557
301575
301584
301585
301595
301602
301609
301668
600004
600030
600056
600085
600109
600133
600138
600266
600268
600386
600468
600551
600609
600620
600629
600710
600722
600787
600789
600819
600822
600833
600834
601007
601016
601158
601319
601377
601512
601766
601788
601811
601868
601877
601900
601921
601928
603102
603153
603221
603229
603230
603269
603326
603382
603385
603511
603551
603676
603895
603960
603976
603999
605080
605186
605298
605336
688108
688222
688265
688315
688335
688536
688687