📋指标共振--3均线缠绕--所有股票代码清单

300109
300196
300275
300339
300349
300398
300401
300433
300440
300531
300570
300627
300666
300668
300679
300695
300785
300913
301069
301073
301076
301168
301192
301413
301529
600031
600057
600058
600126
600241
600250
600309
600329
600345
600353
600356
600363
600372
600388
600391
600435
600456
600460
600475
600477
600499
600510
600515
600522
600526
600531
600549
600556
600562
600570
600593
600635
600638
600649
600678
600679
600685
600689
600698
600707
600710
600718
600736
600761
600770
600864
600897
600917
600965
600982
600987
601021
601059
601163
601198
601375
601688
601717
601799
601858
601985
603063
603087
603119
603128
603162
603225
603270
603298
603529
603585
603628
603650
603758
603787
603800
603916
603970
605008
605133
605555
605599
688084
688093
688143
688160
688312
688314
688379
688501
688503
688536
688539
688577
688625
688677
688698
688750
688799