300131
300180
300235
300328
300407
300479
300520
300568
300576
300585
300634
300663
300697
300812
300815
300836
300918
300919
300931
300932
300986
301025
301036
301061
301288
301307
301377
301551
301555
301613
301626
301629
600373
600416
600570
600686
600692
600826
600831
601567
601611
603003
603081
603200
603206
603271
603283
603655
603711
603859
603867
603897
603918
603929
603979
605016
605365
605368
688076
688099
688107
688111
688116
688125
688160
688195
688199
688292
688330
688383
688390
688499
688550
688692
688716
688819
920185
920834
920892
