300002
300007
300014
300020
300042
300047
300054
300059
300085
300088
300092
300098
300102
300123
300124
300128
300131
300132
300153
300162
300163
300173
300180
300196
300198
300199
300206
300228
300231
300235
300245
300268
300281
300283
300285
300287
300293
300296
300299
300313
300324
300328
300331
300334
300346
300348
300351
300378
300383
300395
300398
300399
300401
300402
300407
300412
300428
300429
300435
300447
300454
300459
300460
300461
300462
300469
300473
300477
300479
300509
300520
300525
300532
300542
300545
300551
300552
300553
300556
300567
300568
300571
300573
300576
300585
300586
300587
300589
300592
300607
300609
300615
300630
300631
300632
300634
300651
300657
300660
300663
300667
300672
300674
300676
300685
300694
300697
300700
300706
300722
300724
300729
300733
300736
300747
300749
300752
300759
300760
300763
300766
300776
300780
300787
300790
300791
300796
300807
300812
300815
300828
300829
300834
300836
300837
300844
300848
300868
300879
300887
300902
300916
300918
300919
300921
300931
300932
300936
300940
300964
300970
300986
300987
300988
301000
301025
301028
301036
301061
301068
301077
301096
301109
301117
301150
301151
301156
301162
301171
301172
301196
301236
301239
301255
301257
301260
301261
301267
301268
301269
301287
301288
301302
301307
301312
301313
301315
301321
301325
301331
301353
301361
301377
301381
301382
301383
301389
301393
301396
301398
301399
301459
301487
301525
301528
301538
301551
301555
301568
301577
301588
301592
301595
301602
301608
301613
301626
301629
600030
600053
600072
600143
600176
600203
600212
600237
600301
600330
600345
600356
600373
600387
600390
600416
600462
600493
600498
600502
600529
600551
600560
600570
600579
600605
600615
600624
600637
600678
600686
600692
600718
600802
600826
600831
600877
600909
600986
600999
601377
601567
601600
601611
601901
601995
603003
603005
603021
603039
603052
603056
603058
603068
603081
603109
603171
603199
603200
603206
603208
603237
603239
603266
603267
603271
603283
603285
603296
603297
603303
603308
603325
603355
603366
603378
603390
603395
603416
603583
603626
603629
603638
603655
603666
603681
603685
603711
603773
603809
603817
603859
603867
603868
603887
603893
603897
603915
603918
603926
603929
603936
603950
603978
603979
603990
605016
605100
605179
605258
605268
605287
605300
605333
605365
605368
605566
688001
688002
688006
688017
688035
688039
688065
688076
688088
688090
688097
688099
688105
688107
688110
688111
688116
688118
688125
688129
688135
688136
688160
688166
688170
688178
688185
688195
688199
688200
688202
688211
688216
688220
688225
688229
688232
688234
688259
688279
688286
688290
688291
688292
688296
688305
688325
688327
688330
688349
688350
688351
688356
688360
688368
688376
688383
688390
688400
688401
688403
688420
688432
688455
688486
688499
688502
688503
688511
688513
688522
688533
688550
688553
688560
688561
688566
688567
688592
688606
688621
688648
688655
688658
688678
688692
688698
688709
688716
688722
688767
688793
688798
688819
920006
920026
920060
920139
920145
920163
920169
920185
920204
920237
920249
920339
920346
920363
920392
920405
920510
920627
920662
920665
920751
920806
920834
920837
920885
920892
920924
920957
920981
