300049
300082
300092
300136
300164
300222
300335
300457
300501
300547
300607
300619
300668
300733
300859
300885
300897
300919
301059
301120
301149
301187
301252
301591
600167
600191
600250
600257
600329
600338
600339
600345
600666
600682
600721
600731
600794
600827
600850
600853
600862
600864
600871
600877
600897
600917
600965
600967
600977
600982
600987
600988
601021
601059
601163
601198
601375
603017
603115
603585
603628
603650
603758
603787
603800
688501
688503
688536
688539
688577
688625
688677
688698
688750
688799
