300002
300031
300037
300073
300083
300092
300098
300107
300115
300137
300154
300171
300174
300194
300200
300260
300288
300333
300346
300358
300365
300378
300380
300386
300406
300446
300484
300499
300507
300519
300533
300543
300546
300547
300557
300563
300768
300793
300881
300946
301004
301092
301201
301217
301222
301238
301309
301312
301319
301327
301366
301421
301511
301630
600008
600288
600345
600582
600619
600648
600650
600845
600987
601138
603182
603206
603327
603357
603615
603927
605088
605180
605580
688101
688183
688332
688531
688678
