300002
300004
300019
300034
300037
300041
300045
300048
300059
300069
300092
300098
300119
300127
300130
300132
300139
300144
300145
300150
300153
300154
300180
300185
300193
300196
300199
300207
300209
300224
300230
300265
300275
300322
300337
300342
300373
300395
300400
300421
300491
300499
300503
300538
300566
300571
300576
300615
300632
300693
300779
300801
300872
300879
300922
300945
300959
300967
301008
301018
301103
301161
301206
301263
301393
301538
600178
600742
600745
601882
603118
603202
603289
603300
603373
603538
603568
603637
603757
603788
688186
688368
688566
688700
688755
688757
688981
