300102
300192
300516
300578
300722
300847
301001
301005
301018
301073
301083
301101
301123
301132
301262
301389
301421
301503
301526
301608
301678
600184
600288
600598
600749
601598
601717
603005
603068
603215
603236
603256
603257
603272
603297
603305
603375
603383
603385
603538
603586
603590
603601
603615
603698
603725
603786
603848
603860
603871
603881
603897
603920
603933
603939
603950
603969
603983
603986
605050
605058
605080
605098
605155
605158
605208
605218
605277
605305
605333
688008
688015
688049
688161
688166
688185
688203
688208
688226
688258
688300
688352
688419
688502
688584
688608
688689
688729
