300129
300170
300315
300435
300563
300641
300722
300781
300847
300880
300905
301028
301031
301108
301168
301196
301252
600108
600160
600259
600288
600295
600335
600527
600768
601002
601006
601866
601872
601877
601882
601890
601975
603004
603037
603063
603090
603115
603118
603126
603128
603137
603156
603165
603173
603190
603209
603230
603248
603280
603281
603285
603305
603312
603352
603353
603357
603369
603379
603390
603489
603511
603538
603566
603568
603587
603868
603893
603950
603983
605003
605198
605305
688128
688196
688388
688615
688686
