300062
300079
300092
300153
300180
300230
300315
300414
300447
300494
300678
300722
300847
300933
301102
301137
301233
600158
600373
600396
600506
600651
600663
600722
600821
600880
601116
601866
601868
601877
601890
601952
601975
603014
603016
603095
603103
603106
603165
603171
603172
603191
603216
603248
603262
603305
603339
603344
603376
603381
603382
603406
603409
603586
603605
603655
603696
603701
603960
605011
605180
605188
605222
605268
605319
605398
688009
688425
688472
688501
688516
688565
688615
688726
688818
