562900
159728
515980
159325
159696
588840
159906
515750
513030
159679
513730
510300
510310
510330
159919
510050
510500
159915
588000
512100
588080
159792
511990
511880
518880
159845
512880
513180
588200
513130
513050
560010
512000
159636
513090
159937
159995
513330
159941
512170
159949
512480
159934
159819
510180
513500
513980
563360
513750
512890
513120
159361
512010
159338
159570
512690
159352
510880
159928
518800
563800
512050
512500
562500
513100
159920
512660
513010
512710
515790
159952
512800
515450
159629
159351
588050
159922
159740
159851
513630
512760
159509
159870
159992
512070
159781
563220
513300
515220
159977
511660
159632
588790
515180
510900
512400
515050
513770
515880
512680
515070
516150
159770
159353
159869
513060
159901
159501
515080
588030
513380
512900
588220
159841
512200
588060
159691
512670
159530
159567
513260
560530
159593
159513
560610
588090
159659
515290
159852
510360
159892
159813
515800
159217
159948
159755
517520
515120
159842
510210
515100
516160
159682
515300
515030
159883
159780
159783
159605
510230
510100
513690
518850
159865
560050
520990
513660
159201
159967
159545
563880
515170
588190
159766
159363
560510
159611
563000
511160
159339
159801
513860
588180
588750
159998
516780
159925
513910
515000
159262
159660
513110
159399
512290
513580
513390
159516
518660
159506
159732
513920
518680
588290
513820
513020
159595
512020
159742
520980
588800
159859
159655
159993
510580
159601
516970
513950
563300
513190
159356
515210
560090
588760
512980
516510
512930
515650
513160
159971
513550
159673
563020
513780
513600
159985
159357
588380
510760
159825
513530
159929
159857
516010
560080
515700
510720
589800
563080
588930
513200
560350
560860
159828
516310
516860
159790
510510
159681
159957
562800
513970
159358
513040
589000
588730
515230
159592
589680
159633
588400
159259
159329
515400
159360
510150
562080
159300
588300
159215
159316
588890
159713
512700
561300
516880
516820
159908
159359
513880
513850
159561
516020
513520
159994
516640
513400
515010
512720
520830
159996
520500
159502
512080
159745
588120
159796
159980
159001
159559
516100
588690
159887
588330
159552
512810
159840
515710
159638
588230
512820
520840
159273
516350
511850
520550
520880
159518
561550
159807
159688
159806
159699
159337
562310
159607
159378
159227
561910
159981
513700
515330
510810
159938
512950
512960
159736
515660
159549
510350
515380
159623
515900
513650
517300
159959
159603
518600
518860
159905
159820
159581
588350
518890
515600
515680
520660
520900
530000
159939
562060
560260
517160
512040
512570
513870
159362
159830
159101
159997
512580
159837
513290
159307
513000
560170
563990
562950
159847
517380
561230
159246
159652
561100
517900
159583
159310
511700
562990
159875
560770
159235
159812
159258
512510
561980
562510
159628
563520
562000
159637
159834
513080
159750
560150
159529
511690
520700
159647
159269
159758
563700
563320
159599
159850
159602
561160
159751
159741
159221
515250
159782
159735
159667
588990
159715
563680
159591
159202
588830
159612
513800
159940
159680
159562
520860
563580
159864
563500
159572
588460
515150
589880
589900
159866
159531
515060
560800
516090
513070
516670
159232
159768
513310
159206
159639
159336
512560
563390
159205
588020
159748
159596
159286
159831
159577
588900
589600
513890
159330
159692
516630
159586
513560
512600
588780
516920
516110
561190
513350
562570
589520
560700
562970
159814
561560
510320
515020
159909
159526
516080
159622
589890
510390
512330
515950
159381
510710
159608
159333
159867
589630
589660
159839
159964
159960
159968
588810
515390
563900
516120
563860
588870
561600
562880
159958
510410
512220
510590
159687
159263
589090
563780
159739
588210
520600
515890
560880
159966
159903
588170
515160
560810
516460
516950
515580
159373
513360
513280
516000
159707
560500
515260
516290
516050
159843
159747
511810
561580
589850
159738
159961
561990
588360
510630
159671
588940
517110
588110
159222
159558
589770
159242
510800
562360
159241
159615
520970
512090
562870
159726
588280
159902
520580
159954
512120
516650
515630
588920
159822
517050
560550
159890
561870
516520
589080
510530
563350
516200
517180
159898
159268
561930
510980
159551
512650
589860
159500
159610
159278
588240
159547
159606
159382
517080
159209
520690
159213
517390
560070
513170
562590
159858
159757
159752
159281
159973
159665
517120
159797
517800
516660
159292
159899
517000
515810
516390
159366
513590
159380
159568
159389
513230
515310
159609
159775
159569
515850
589720
530680
159566
159388
530530
515110
588700
588390
588910
588160
159560
159910
159390
159856
512550
512160
520670
589980
513220
561220
159936
159296
159218
159625
159248
588010
159220
588950
511620
520510
159982
512910
159597
512770
516070
159266
159251
561090
159676
589990
562660
159641
159718
159885
560280
159557
517100
159003
588150
589380
562890
159863
159525
562860
560980
159350
159393
512990
510130
589500
159635
159276
589010
159265
588100
515960
515910
516810
159656
560630
159335
159695
589020
510850
159619
510160
159385
159331
516270
159779
159208
560850
159930
159207
159527
515360
560680
515860
517090
159291
516830
159708
159876
560780
159323
560060
588880
159386
159582
588860
159871
515560
562600
512530
159835
159277
159520
159355
516770
588710
159698
560110
159943
159225
515760
588720
563180
560380
512390
159212
159245
159907
159376
159375
517400
516550
563660
159767
530050
516750
520620
159773
510170
159836
159280
510190
510030
159573
562930
159271
159540
159640
560660
512370
516210
159590
159541
159150
561130
510290
561880
159287
515920
159838
515200
159365
516800
562550
563050
159550
159537
159861
511900
589200
588960
563010
513320
159824
159228
159805
159658
159267
511800
159786
159788
510020
515320
159761
159787
159519
561010
516220
561330
159546
561800
159511
517010
563620
513140
159776
513830
589100
159991
588500
563650
589300
588450
560360
515130
588260
561700
510200
588670
159675
159321
516850
563030
513900
159912
561360
159233
516760
561380
159538
563550
562320
159005
159328
515190
561000
516790
159811
159956
516130
516900
159880
159891
562910
159327
512380
159565
510060
588250
588770
589060
159657
159974
561950
561750
561170
159369
159663
512730
516560
159507
159302
517200
159743
159848
159379
510680
561120
159367
562050
516500
159231
588660
560120
588370
513150
512150
159383
516060
515350
560900
159283
563330
159798
159697
159855
159303
513990
560620
159510
